n.par	n.mom	n.dad	sex.ratio	noff	female.rs	females.mates	male.rs	male.mates	mp.count	mp.rs	type	lost	sim
10	4	6	1.5	180464	47833.67	2.33	23916.83	1.17	7	7972.278	Before	0	1
10	4	6	1.5	100	28.67	2.33	14.33	1.17	7	4.778	After	1	1
10	4	6	1.5	198639	56523	3.67	28261.5	1.83	11	9420.5	Before	0	2
10	4	6	1.5	100	27.33	3	13.67	1.5	9	4.556	After	2	2
10	4	6	1.5	177950	49177.33	3	24588.67	1.5	9	8196.222	Before	0	3
10	4	6	1.5	100	29.33	3	14.67	1.5	9	4.889	After	0	3
10	4	6	1.5	172102	33835.67	2.33	16917.83	1.17	7	5639.278	Before	0	4
10	4	6	1.5	100	19	2	9.5	1	6	3.167	After	1	4
10	5	5	1	261495	56998.25	1.75	45598.6	1.4	7	11399.65	Before	0	5
10	5	5	1	100	23.25	1.25	18.6	1	5	4.65	After	2	5
10	4	6	1.5	165439	39452.67	2.33	19726.33	1.17	7	6575.444	Before	0	6
10	4	6	1.5	100	23.33	2.33	11.67	1.17	7	3.889	After	0	6
10	4	6	1.5	174663	38241	3.67	19120.5	1.83	11	6373.5	Before	0	7
10	4	6	1.5	100	20.67	3.33	10.33	1.67	10	3.444	After	1	7
10	5	5	1	289063	49956.25	3.75	39965	3	15	9991.25	Before	0	8
10	5	5	1	100	17.5	3.5	14	2.8	14	3.5	After	2	8
10	5	5	1	250383	51745.75	4	41396.6	3.2	16	10349.15	Before	0	9
10	5	5	1	100	21.25	3.5	17	2.8	14	4.25	After	2	9
10	4	6	1.5	250500	52684.67	1.67	26342.33	0.83	5	8780.778	Before	0	10
9	4	5	1.25	100	22	1.33	13.2	0.8	4	4.4	After	1	10
10	4	6	1.5	267671	56146	4	28073	2	12	9357.667	Before	0	11
10	4	6	1.5	100	23.67	4	11.83	2	12	3.944	After	0	11
10	4	6	1.5	247127	66855	2.33	33427.5	1.17	7	11142.5	Before	0	12
10	4	6	1.5	100	27.33	2	13.67	1	6	4.556	After	1	12
10	4	6	1.5	304972	76801	2	38400.5	1	6	12800.167	Before	0	13
10	4	6	1.5	100	25.67	2	12.83	1	6	4.278	After	0	13
10	5	5	1	321932	63188.25	2.25	50550.6	1.8	9	12637.65	Before	0	14
10	5	5	1	100	20.25	2	16.2	1.6	8	4.05	After	1	14
10	5	5	1	308573	55634.5	2	44507.6	1.6	8	11126.9	Before	0	15
10	5	5	1	100	18	1.75	14.4	1.4	7	3.6	After	1	15
10	4	6	1.5	227545	66969.33	2.67	33484.67	1.33	8	11161.556	Before	0	16
10	4	6	1.5	100	30	2.67	15	1.33	8	5	After	0	16
10	4	6	1.5	328743	77136.67	4	38568.33	2	12	12856.111	Before	0	17
10	4	6	1.5	100	23	4	11.5	2	12	3.833	After	0	17
10	4	6	1.5	225460	49380	2.33	24690	1.17	7	8230	Before	0	18
10	4	6	1.5	100	23	2	11.5	1	6	3.833	After	1	18
10	5	5	1	324608	57437	3.25	45949.6	2.6	13	11487.4	Before	0	19
10	5	5	1	100	19.5	3	15.6	2.4	12	3.9	After	1	19
10	4	6	1.5	288263	70873.67	3	35436.83	1.5	9	11812.278	Before	0	20
10	4	6	1.5	100	24.67	2.67	12.33	1.33	8	4.111	After	1	20
10	4	6	1.5	259568	68185.67	3.33	34092.83	1.67	10	11364.278	Before	0	21
10	4	6	1.5	100	28.33	3.33	14.17	1.67	10	4.722	After	0	21
10	4	6	1.5	238626	60932	2.67	30466	1.33	8	10155.333	Before	0	22
10	4	6	1.5	100	24.33	2.33	12.17	1.17	7	4.056	After	1	22
10	5	5	1	272345	54778.75	2.5	43823	2	10	10955.75	Before	0	23
9	5	4	0.8	100	20	1.75	20	1.75	7	5	After	3	23
10	4	6	1.5	216785	45256.33	3	22628.17	1.5	9	7542.722	Before	0	24
10	4	6	1.5	100	17.67	2.67	8.83	1.33	8	2.944	After	1	24
10	4	6	1.5	257234	60652.67	2.67	30326.33	1.33	8	10108.778	Before	0	25
9	4	5	1.25	100	22.33	2.33	13.4	1.4	7	4.467	After	1	25
10	5	5	1	327390	68484.75	2.5	54787.8	2	10	13696.95	Before	0	26
10	5	5	1	100	20.25	2.25	16.2	1.8	9	4.05	After	1	26
10	4	6	1.5	327867	83688.33	3.67	41844.17	1.83	11	13948.056	Before	0	27
10	4	6	1.5	100	24	3.33	12	1.67	10	4	After	2	27
10	4	6	1.5	233597	52431	2.33	26215.5	1.17	7	8738.5	Before	0	28
9	4	5	1.25	100	25.67	2	15.4	1.2	6	5.133	After	1	28
10	4	6	1.5	321776	74968.67	3.33	37484.33	1.67	10	12494.778	Before	0	29
10	4	6	1.5	100	23.67	3	11.83	1.5	9	3.944	After	1	29
10	4	6	1.5	224660	60269	2.67	30134.5	1.33	8	10044.833	Before	0	30
10	4	6	1.5	100	25.33	2.67	12.67	1.33	8	4.222	After	0	30
10	5	5	1	360942	71662	1.75	57329.6	1.4	7	14332.4	Before	0	31
10	5	5	1	100	20.25	1.75	16.2	1.4	7	4.05	After	0	31
10	5	5	1	426143	91042.75	2.25	72834.2	1.8	9	18208.55	Before	0	32
9	5	4	0.8	100	21.5	1.75	21.5	1.75	7	5.375	After	3	32
10	4	6	1.5	189784	50615	3	25307.5	1.5	9	8435.833	Before	0	33
10	4	6	1.5	100	26	3	13	1.5	9	4.333	After	0	33
10	4	6	1.5	312617	90216.67	3.33	45108.33	1.67	10	15036.111	Before	0	34
10	4	6	1.5	100	28	3.33	14	1.67	10	4.667	After	0	34
10	4	6	1.5	238355	62167.33	3.67	31083.67	1.83	11	10361.222	Before	0	35
9	4	5	1.25	100	28	3.67	16.8	2.2	11	5.6	After	1	35
10	4	6	1.5	310399	76034	3.33	38017	1.67	10	12672.333	Before	0	36
10	4	6	1.5	100	27	3.33	13.5	1.67	10	4.5	After	1	36
10	5	5	1	388132	77948	2.5	62358.4	2	10	15589.6	Before	0	37
10	5	5	1	100	19.5	2.25	15.6	1.8	9	3.9	After	1	37
10	5	5	1	254963	50468	2.5	40374.4	2	10	10093.6	Before	0	38
10	5	5	1	100	20.75	2.25	16.6	1.8	9	4.15	After	1	38
10	4	6	1.5	274133	76163	3	38081.5	1.5	9	12693.833	Before	0	39
10	4	6	1.5	100	25.33	2.67	12.67	1.33	8	4.222	After	2	39
10	4	6	1.5	253513	70387.33	3	35193.67	1.5	9	11731.222	Before	0	40
10	4	6	1.5	100	27.33	2.67	13.67	1.33	8	4.556	After	1	40
10	4	6	1.5	323365	83813	3.33	41906.5	1.67	10	13968.833	Before	0	41
10	4	6	1.5	100	26.67	3	13.33	1.5	9	4.444	After	1	41
10	5	5	1	226280	49496	2	39596.8	1.6	8	9899.2	Before	0	42
10	5	5	1	100	22.5	1.75	18	1.4	7	4.5	After	1	42
10	4	6	1.5	319349	85478.33	2	42739.17	1	6	14246.389	Before	0	43
10	4	6	1.5	100	25.33	1.67	12.67	0.83	5	4.222	After	1	43
10	4	6	1.5	257103	66819.33	3.67	33409.67	1.83	11	11136.556	Before	0	44
10	4	6	1.5	100	26.33	3.33	13.17	1.67	10	4.389	After	1	44
10	4	6	1.5	241377	51422.33	2.67	25711.17	1.33	8	8570.389	Before	0	45
10	4	6	1.5	100	26	2.67	13	1.33	8	4.333	After	0	45
10	4	6	1.5	228620	64946.33	3	32473.17	1.5	9	10824.389	Before	0	46
9	4	5	1.25	100	27.67	2.67	16.6	1.6	8	5.533	After	1	46
10	4	6	1.5	276822	70503	1.67	35251.5	0.83	5	11750.5	Before	0	47
10	4	6	1.5	100	24.67	1.67	12.33	0.83	5	4.111	After	0	47
10	3	7	2.33	137016	40058.5	3	11445.29	0.86	6	5722.643	Before	0	48
9	3	6	2	100	32	3	10.67	1	6	5.333	After	1	48
10	4	6	1.5	217440	46359	3.33	23179.5	1.67	10	7726.5	Before	0	49
10	4	6	1.5	100	22.67	3.33	11.33	1.67	10	3.778	After	0	49
10	4	6	1.5	300418	88864.67	3	44432.33	1.5	9	14810.778	Before	0	50
10	4	6	1.5	100	31.33	3	15.67	1.5	9	5.222	After	1	50
10	4	6	1.5	263956	59673.33	2.67	29836.67	1.33	8	9945.556	Before	0	51
10	4	6	1.5	100	23.33	2.67	11.67	1.33	8	3.889	After	0	51
10	4	6	1.5	206188	59410	4	29705	2	12	9901.667	Before	0	52
10	4	6	1.5	100	29.33	4	14.67	2	12	4.889	After	0	52
10	4	6	1.5	206370	58331.67	4	29165.83	2	12	9721.944	Before	0	53
9	4	5	1.25	100	26	3.33	15.6	2	10	5.2	After	2	53
10	4	6	1.5	281529	62541.67	3.33	31270.83	1.67	10	10423.611	Before	0	54
10	4	6	1.5	100	22.67	3	11.33	1.5	9	3.778	After	1	54
10	3	7	2.33	133193	50365.5	3.5	14390.14	1	7	7195.071	Before	0	55
10	3	7	2.33	100	38.5	3.5	11	1	7	5.5	After	0	55
10	4	6	1.5	270930	60497.67	3.67	30248.83	1.83	11	10082.944	Before	0	56
10	4	6	1.5	100	23.33	3.33	11.67	1.67	10	3.889	After	1	56
10	4	6	1.5	336384	81930	2	40965	1	6	13655	Before	0	57
10	4	6	1.5	100	24.67	2	12.33	1	6	4.111	After	0	57
10	5	5	1	331565	64097.5	2.25	51278	1.8	9	12819.5	Before	0	58
10	5	5	1	100	17.75	2.25	14.2	1.8	9	3.55	After	0	58
10	4	6	1.5	270451	78781.67	3.67	39390.83	1.83	11	13130.278	Before	0	59
10	4	6	1.5	100	31.33	3.67	15.67	1.83	11	5.222	After	1	59
10	5	5	1	307766	60208.5	2.25	48166.8	1.8	9	12041.7	Before	0	60
10	5	5	1	100	16.75	2	13.4	1.6	8	3.35	After	2	60
10	4	6	1.5	277195	62238.33	2	31119.17	1	6	10373.056	Before	0	61
10	4	6	1.5	100	21.67	2	10.83	1	6	3.611	After	0	61
10	4	6	1.5	280930	63020	3.67	31510	1.83	11	10503.333	Before	0	62
10	4	6	1.5	100	22.33	3.67	11.17	1.83	11	3.722	After	0	62
10	3	7	2.33	163307	66203.5	5	18915.29	1.43	10	9457.643	Before	0	63
10	3	7	2.33	100	40	5	11.43	1.43	10	5.714	After	0	63
10	4	6	1.5	245258	59908	2.67	29954	1.33	8	9984.667	Before	0	64
10	4	6	1.5	100	25.33	2.67	12.67	1.33	8	4.222	After	0	64
10	3	7	2.33	168817	54297.5	3	15513.57	0.86	6	7756.786	Before	0	65
10	3	7	2.33	100	29	3	8.29	0.86	6	4.143	After	0	65
10	4	6	1.5	286244	66415.67	2.33	33207.83	1.17	7	11069.278	Before	0	66
9	4	5	1.25	100	22.67	2	13.6	1.2	6	4.533	After	1	66
10	5	5	1	332624	68272.75	2	54618.2	1.6	8	13654.55	Before	0	67
10	5	5	1	100	21	1.75	16.8	1.4	7	4.2	After	1	67
10	5	5	1	352780	78436	2.75	62748.8	2.2	11	15687.2	Before	0	68
10	5	5	1	100	22	2.5	17.6	2	10	4.4	After	1	68
10	5	5	1	284073	48285.5	2	38628.4	1.6	8	9657.1	Before	0	69
10	5	5	1	100	16	1.75	12.8	1.4	7	3.2	After	1	69
10	3	7	2.33	174411	53759	3	15359.71	0.86	6	7679.857	Before	0	70
10	3	7	2.33	100	29	3	8.29	0.86	6	4.143	After	0	70
10	4	6	1.5	290133	66125.67	2	33062.83	1	6	11020.944	Before	0	71
10	4	6	1.5	100	23.33	2	11.67	1	6	3.889	After	0	71
10	5	5	1	276148	54256	3.25	43404.8	2.6	13	10851.2	Before	0	72
10	5	5	1	100	18.75	3	15	2.4	12	3.75	After	1	72
10	4	6	1.5	337661	87785	2.67	43892.5	1.33	8	14630.833	Before	0	73
10	4	6	1.5	100	28.67	2.67	14.33	1.33	8	4.778	After	0	73
10	4	6	1.5	272636	60802.67	2.67	30401.33	1.33	8	10133.778	Before	0	74
9	4	5	1.25	100	24	2.33	14.4	1.4	7	4.8	After	1	74
10	4	6	1.5	301740	74156.67	2	37078.33	1	6	12359.444	Before	0	75
10	4	6	1.5	100	24.67	2	12.33	1	6	4.111	After	0	75
10	4	6	1.5	275604	62090.67	3	31045.33	1.5	9	10348.444	Before	0	76
10	4	6	1.5	100	22.33	2.67	11.17	1.33	8	3.722	After	1	76
10	5	5	1	273060	59180	2.25	47344	1.8	9	11836	Before	0	77
9	5	4	0.8	100	20.5	2	20.5	2	8	5.125	After	1	77
10	4	6	1.5	254338	65783.33	3	32891.67	1.5	9	10963.889	Before	0	78
10	4	6	1.5	100	27.67	3	13.83	1.5	9	4.611	After	0	78
10	5	5	1	347175	67591.5	2	54073.2	1.6	8	13518.3	Before	0	79
10	5	5	1	100	19	2	15.2	1.6	8	3.8	After	0	79
10	4	6	1.5	295617	72574.67	3	36287.33	1.5	9	12095.778	Before	0	80
10	4	6	1.5	100	25.33	3	12.67	1.5	9	4.222	After	0	80
10	4	6	1.5	302793	84391.67	3	42195.83	1.5	9	14065.278	Before	0	81
10	4	6	1.5	100	27.33	2.67	13.67	1.33	8	4.556	After	1	81
10	3	7	2.33	95855	30674	4	8764	1.14	8	4382	Before	0	82
10	3	7	2.33	100	31	3.5	8.86	1	7	4.429	After	1	82
10	4	6	1.5	276347	61746.33	3	30873.17	1.5	9	10291.056	Before	0	83
10	4	6	1.5	100	20.67	3	10.33	1.5	9	3.444	After	0	83
10	4	6	1.5	249086	58684.33	3.33	29342.17	1.67	10	9780.722	Before	0	84
9	4	5	1.25	100	22	3	13.2	1.8	9	4.4	After	1	84
10	4	6	1.5	184226	50074	3	25037	1.5	9	8345.667	Before	0	85
10	4	6	1.5	100	27.67	3	13.83	1.5	9	4.611	After	0	85
10	4	6	1.5	331619	79273	3.67	39636.5	1.83	11	13212.167	Before	0	86
10	4	6	1.5	100	23.67	3.67	11.83	1.83	11	3.944	After	0	86
10	4	6	1.5	251815	60124.33	3	30062.17	1.5	9	10020.722	Before	0	87
10	4	6	1.5	100	24.33	3	12.17	1.5	9	4.056	After	1	87
10	4	6	1.5	243037	53023	2	26511.5	1	6	8837.167	Before	0	88
10	4	6	1.5	100	22.67	2	11.33	1	6	3.778	After	0	88
10	4	6	1.5	236474	60891	2	30445.5	1	6	10148.5	Before	0	89
10	4	6	1.5	100	24.33	2	12.17	1	6	4.056	After	0	89
10	4	6	1.5	268394	80619.33	2	40309.67	1	6	13436.556	Before	0	90
10	4	6	1.5	100	29.67	2	14.83	1	6	4.944	After	0	90
10	4	6	1.5	250823	66895	2.33	33447.5	1.17	7	11149.167	Before	0	91
10	4	6	1.5	100	26	2	13	1	6	4.333	After	1	91
10	3	7	2.33	140706	34467.5	4	9847.86	1.14	8	4923.929	Before	0	92
9	3	6	2	100	30.5	3.5	10.17	1.17	7	5.083	After	1	92
10	4	6	1.5	259996	60579.67	3	30289.83	1.5	9	10096.611	Before	0	93
9	4	5	1.25	100	19.33	2.67	11.6	1.6	8	3.867	After	2	93
10	4	6	1.5	295745	79642.67	2	39821.33	1	6	13273.778	Before	0	94
10	4	6	1.5	100	28.33	2	14.17	1	6	4.722	After	0	94
10	4	6	1.5	155725	41069	2.33	20534.5	1.17	7	6844.833	Before	0	95
10	4	6	1.5	100	25.67	2.33	12.83	1.17	7	4.278	After	0	95
10	4	6	1.5	192549	51803.33	2	25901.67	1	6	8633.889	Before	0	96
9	4	5	1.25	100	26	1.67	15.6	1	5	5.2	After	1	96
10	4	6	1.5	181745	43665.67	2.67	21832.83	1.33	8	7277.611	Before	0	97
10	4	6	1.5	100	23	2.67	11.5	1.33	8	3.833	After	0	97
10	4	6	1.5	248840	61168	4	30584	2	12	10194.667	Before	0	98
10	4	6	1.5	100	22	3.67	11	1.83	11	3.667	After	1	98
10	5	5	1	233062	49502	3	39601.6	2.4	12	9900.4	Before	0	99
10	5	5	1	100	20.75	2.75	16.6	2.2	11	4.15	After	1	99
10	5	5	1	362124	76440	2.5	61152	2	10	15288	Before	0	100
10	5	5	1	100	21.75	2.25	17.4	1.8	9	4.35	After	1	100
