'sim'	! Output file name
1	! Number of replicates
1	! 0/1/2 Pair-Likelihood(PLS)/Full likelihood(FL)/FL-PLS
3	! 0/1/2/3=low/medium/high/very high precision for likelihood
2 0	! 2/1=Dioecious/Monoecious, Selfing rate for monoecious
1	! Seed for random number generator
6 4	! # of males & females in mating structure
0 3 0 18
0 0 5 9
0 7 3 0
28 0 0 9
0 0 6 0
0 1 11 0

0 0 0 0
0 0 0 0
0 0 0 0
0 0 0 0
0 0 0 0
0 0 0 0

0 0 0 0
0 0 0 0
0 0 0 0
0 0 0 0
0 0 0 0
0 0 0 0

0 0 0 0
0 0 0 0
0 0 0 0
0 0 0 0
0 0 0 0
0 0 0 0

0 0 0 0 0 0
0 0 0 0

0 0	! # of unrelated males & females
0.01 0.01	! Prob. of males & females are true parents
100	! Number of loci
0	! Prob. of missing genotypes
0.02 0.02 0.02 0.02 0.02 0.02 0.02 0.02 0.02 0.02 0.02 0.02 0.02 0.02 0.02 0.02 0.02 0.02 0.02 0.02 0.02 0.02 0.02 0.02 0.02 0.02 0.02 0.02 0.02 0.02 0.02 0.02 0.02 0.02 0.02 0.02 0.02 0.02 0.02 0.02 0.02 0.02 0.02 0.02 0.02 0.02 0.02 0.02 0.02 0.02 0.02 0.02 0.02 0.02 0.02 0.02 0.02 0.02 0.02 0.02 0.02 0.02 0.02 0.02 0.02 0.02 0.02 0.02 0.02 0.02 0.02 0.02 0.02 0.02 0.02 0.02 0.02 0.02 0.02 0.02 0.02 0.02 0.02 0.02 0.02 0.02 0.02 0.02 0.02 0.02 0.02 0.02 0.02 0.02 0.02 0.02 0.02 0.02 0.02 0.02	! Allelic dropout rates
0.0001 0.0001 0.0001 0.0001 0.0001 0.0001 0.0001 0.0001 0.0001 0.0001 0.0001 0.0001 0.0001 0.0001 0.0001 0.0001 0.0001 0.0001 0.0001 0.0001 0.0001 0.0001 0.0001 0.0001 0.0001 0.0001 0.0001 0.0001 0.0001 0.0001 0.0001 0.0001 0.0001 0.0001 0.0001 0.0001 0.0001 0.0001 0.0001 0.0001 0.0001 0.0001 0.0001 0.0001 0.0001 0.0001 0.0001 0.0001 0.0001 0.0001 0.0001 0.0001 0.0001 0.0001 0.0001 0.0001 0.0001 0.0001 0.0001 0.0001 0.0001 0.0001 0.0001 0.0001 0.0001 0.0001 0.0001 0.0001 0.0001 0.0001 0.0001 0.0001 0.0001 0.0001 0.0001 0.0001 0.0001 0.0001 0.0001 0.0001 0.0001 0.0001 0.0001 0.0001 0.0001 0.0001 0.0001 0.0001 0.0001 0.0001 0.0001 0.0001 0.0001 0.0001 0.0001 0.0001 0.0001 0.0001 0.0001 0.0001	! Non-allelic error rates
0 0 0 0 0 0 0 0 0 0 0 0 0 0 0 0 0 0 0 0 0 0 0 0 0 0 0 0 0 0 0 0 0 0 0 0 0 0 0 0 0 0 0 0 0 0 0 0 0 0 0 0 0 0 0 0 0 0 0 0 0 0 0 0 0 0 0 0 0 0 0 0 0 0 0 0 0 0 0 0 0 0 0 0 0 0 0 0 0 0 0 0 0 0 0 0 0 0 0 0	! Codominant/Dominant (0/1) markers
2 2 2 2 2 2 2 2 2 2 2 2 2 2 2 2 2 2 2 2 2 2 2 2 2 2 2 2 2 2 2 2 2 2 2 2 2 2 2 2 2 2 2 2 2 2 2 2 2 2 2 2 2 2 2 2 2 2 2 2 2 2 2 2 2 2 2 2 2 2 2 2 2 2 2 2 2 2 2 2 2 2 2 2 2 2 2 2 2 2 2 2 2 2 2 2 2 2 2 2	! # of alleles per locus
3	! Type of allelic distrubution(s)
0.836 0.164
0.99 0.01
0.807 0.193
0.966 0.034
0.983 0.017
0.841 0.159
0.774 0.226
0.986 0.014
0.737 0.263
0.716 0.284
0.513 0.487
0.533 0.467
0.956 0.044
0.909 0.091
0.936 0.064
0.919 0.081
0.878 0.122
0.926 0.074
0.717 0.283
0.963 0.037
0.659 0.341
0.807 0.193
0.86 0.14
0.958 0.042
0.966 0.034
0.977 0.023
0.928 0.072
0.923 0.077
0.684 0.316
0.699 0.301
0.935 0.065
0.805 0.195
0.584 0.416
0.609 0.391
0.57 0.43
0.795 0.205
0.888 0.112
0.915 0.085
0.685 0.315
0.786 0.214
0.99 0.01
0.822 0.178
0.607 0.393
0.664 0.336
0.943 0.057
0.521 0.479
0.862 0.138
0.925 0.075
0.944 0.056
0.807 0.193
0.943 0.057
0.911 0.089
0.885 0.115
0.895 0.105
0.712 0.288
0.697 0.303
0.877 0.123
0.661 0.339
0.788 0.212
0.723 0.277
0.712 0.288
0.712 0.288
0.99 0.01
0.822 0.178
0.921 0.079
0.592 0.408
0.944 0.056
0.546 0.454
0.568 0.432
0.977 0.023
0.586 0.414
0.956 0.044
0.855 0.145
0.831 0.169
0.869 0.131
0.712 0.288
0.987 0.013
0.948 0.052
0.913 0.087
0.917 0.083
0.922 0.078
0.986 0.014
0.707 0.293
0.863 0.137
0.866 0.134
0.612 0.388
0.945 0.055
0.809 0.191
0.711 0.289
0.997 0.003
0.891 0.109
0.564 0.436
0.6 0.4
0.983 0.017
0.762 0.238
0.747 0.253
0.879 0.121
0.961 0.039
0.976 0.024
0.809 0.191
2	! 1/n=HaploDiploid/n-ploid species
0 0	! 0/1=Monogamy/Polygamy for males & females
5734	! Seed for random number generator
0 1 1	! 0/1/2/3=No/Weak/Medium/Strong, R & R (Pat/Mat sibship size)
0	! 0/1=Clone inference =No/Yes
0	! 0/1=Scale full sibship=No/Yes
0	! 0/1=Unknown/Known population allele frequency
0	! Not update/update allele frequency
1	! Number of runs
3	! 0/1/2/3/4 VeryShort/Short/Medium/Long/VeryLong Length of run
-1	! Map length in Morgans
0	! Inbreeding coefficient of parents
0	! 0/1=No inbreeding/inbreeding
0	! Windows version
100000	! Monitor interval in Iterate# / in seconds
