n.par	n.mom	n.dad	sex.ratio	noff	female.rs	females.mates	male.rs	male.mates	mp.count	mp.rs	type	lost	sim
10	4	6	1.5	272434	62044.33	3.33	31022.17	1.67	10	10340.722	Before	0	1
10	4	6	1.5	100	22.67	3.33	11.33	1.67	10	3.778	After	0	1
10	5	5	1	345684	74232.5	2	59386	1.6	8	14846.5	Before	0	2
10	5	5	1	100	22.75	2	18.2	1.6	8	4.55	After	0	2
10	5	5	1	315226	60077.75	2.25	48062.2	1.8	9	12015.55	Before	0	3
10	5	5	1	100	18.25	2.25	14.6	1.8	9	3.65	After	0	3
10	4	6	1.5	273590	70628	2.33	35314	1.17	7	11771.333	Before	0	4
10	4	6	1.5	100	27	2.33	13.5	1.17	7	4.5	After	0	4
10	4	6	1.5	235841	62337.33	2.33	31168.67	1.17	7	10389.556	Before	0	5
10	4	6	1.5	100	29	2	14.5	1	6	4.833	After	2	5
10	4	6	1.5	290228	77502.67	2.33	38751.33	1.17	7	12917.111	Before	0	6
10	4	6	1.5	100	29	2.33	14.5	1.17	7	4.833	After	0	6
10	4	6	1.5	289652	74619	2	37309.5	1	6	12436.5	Before	0	7
10	4	6	1.5	100	25	2	12.5	1	6	4.167	After	0	7
10	5	5	1	281719	52613.25	2	42090.6	1.6	8	10522.65	Before	0	8
9	5	4	0.8	100	19.75	1.5	19.75	1.5	6	4.938	After	2	8
10	3	7	2.33	241412	86190	5.5	24625.71	1.57	11	12312.857	Before	0	9
10	3	7	2.33	100	35	5.5	10	1.57	11	5	After	0	9
10	4	6	1.5	314731	78832.33	3.67	39416.17	1.83	11	13138.722	Before	0	10
10	4	6	1.5	100	24.33	3.33	12.17	1.67	10	4.056	After	1	10
10	4	6	1.5	171892	39200.67	2.33	19600.33	1.17	7	6533.444	Before	0	11
10	4	6	1.5	100	19.67	2	9.83	1	6	3.278	After	1	11
10	5	5	1	318411	62933.25	2.25	50346.6	1.8	9	12586.65	Before	0	12
10	5	5	1	100	20.5	1.75	16.4	1.4	7	4.1	After	2	12
10	3	7	2.33	184739	63514	4	18146.86	1.14	8	9073.429	Before	0	13
10	3	7	2.33	100	32	3.5	9.14	1	7	4.571	After	1	13
10	4	6	1.5	194008	55285	2.33	27642.5	1.17	7	9214.167	Before	0	14
10	4	6	1.5	100	30	2.33	15	1.17	7	5	After	0	14
10	4	6	1.5	247710	53336.67	2	26668.33	1	6	8889.444	Before	0	15
9	4	5	1.25	100	23.67	1.67	14.2	1	5	4.733	After	1	15
10	4	6	1.5	293618	71157.33	2.67	35578.67	1.33	8	11859.556	Before	0	16
9	4	5	1.25	100	23	2.33	13.8	1.4	7	4.6	After	2	16
10	4	6	1.5	258411	52915	2	26457.5	1	6	8819.167	Before	0	17
10	4	6	1.5	100	20.33	2	10.17	1	6	3.389	After	0	17
10	4	6	1.5	262832	66756	4	33378	2	12	11126	Before	0	18
10	4	6	1.5	100	25	4	12.5	2	12	4.167	After	1	18
10	3	7	2.33	256048	80132.5	3	22895	0.86	6	11447.5	Before	0	19
10	3	7	2.33	100	28	3	8	0.86	6	4	After	0	19
10	5	5	1	285118	61822.5	2.25	49458	1.8	9	12364.5	Before	0	20
10	5	5	1	100	20.75	2.25	16.6	1.8	9	4.15	After	0	20
10	4	6	1.5	197391	50020.67	2.33	25010.33	1.17	7	8336.778	Before	0	21
10	4	6	1.5	100	24.33	2	12.17	1	6	4.056	After	1	21
10	4	6	1.5	267642	60728.33	3.33	30364.17	1.67	10	10121.389	Before	0	22
10	4	6	1.5	100	24	3.33	12	1.67	10	4	After	0	22
10	4	6	1.5	238482	60258.67	2.33	30129.33	1.17	7	10043.111	Before	0	23
9	4	5	1.25	100	23.33	2	14	1.2	6	4.667	After	1	23
10	5	5	1	364811	68331.25	2.5	54665	2	10	13666.25	Before	0	24
10	5	5	1	100	18.5	2.25	14.8	1.8	9	3.7	After	1	24
10	4	6	1.5	238040	67365	2.67	33682.5	1.33	8	11227.5	Before	0	25
10	4	6	1.5	100	26.33	2.33	13.17	1.17	7	4.389	After	1	25
10	4	6	1.5	205941	55299.67	5	27649.83	2.5	15	9216.611	Before	0	26
10	4	6	1.5	100	27.33	4.67	13.67	2.33	14	4.556	After	1	26
10	4	6	1.5	225123	55263	3	27631.5	1.5	9	9210.5	Before	0	27
10	4	6	1.5	100	21.33	3	10.67	1.5	9	3.556	After	0	27
10	5	5	1	361103	67044.25	2.25	53635.4	1.8	9	13408.85	Before	0	28
10	5	5	1	100	17.75	2.25	14.2	1.8	9	3.55	After	0	28
10	5	5	1	242452	47602	2.25	38081.6	1.8	9	9520.4	Before	0	29
10	5	5	1	100	20.25	2	16.2	1.6	8	4.05	After	1	29
10	4	6	1.5	154620	36270	3	18135	1.5	9	6045	Before	0	30
10	4	6	1.5	100	23	3	11.5	1.5	9	3.833	After	0	30
10	4	6	1.5	295356	83516.67	3	41758.33	1.5	9	13919.444	Before	0	31
10	4	6	1.5	100	31	3	15.5	1.5	9	5.167	After	0	31
10	5	5	1	283277	58902.75	2.25	47122.2	1.8	9	11780.55	Before	0	32
10	5	5	1	100	21.5	1.75	17.2	1.4	7	4.3	After	2	32
10	4	6	1.5	236484	52501.67	2.67	26250.83	1.33	8	8750.278	Before	0	33
10	4	6	1.5	100	24	2.67	12	1.33	8	4	After	0	33
10	4	6	1.5	334920	82180.67	2.67	41090.33	1.33	8	13696.778	Before	0	34
10	4	6	1.5	100	24.67	2.67	12.33	1.33	8	4.111	After	0	34
10	3	7	2.33	114328	31765	4	9075.71	1.14	8	4537.857	Before	0	35
10	3	7	2.33	100	33	4	9.43	1.14	8	4.714	After	0	35
10	4	6	1.5	248558	65642	2.33	32821	1.17	7	10940.333	Before	0	36
10	4	6	1.5	100	27	2.33	13.5	1.17	7	4.5	After	0	36
10	4	6	1.5	212828	60332	2.67	30166	1.33	8	10055.333	Before	0	37
10	4	6	1.5	100	29.67	2.33	14.83	1.17	7	4.944	After	1	37
10	4	6	1.5	139505	34135	4	17067.5	2	12	5689.167	Before	0	38
10	4	6	1.5	100	26.33	4	13.17	2	12	4.389	After	0	38
10	4	6	1.5	272758	71067.33	3	35533.67	1.5	9	11844.556	Before	0	39
10	4	6	1.5	100	25.33	3	12.67	1.5	9	4.222	After	0	39
10	4	6	1.5	209247	57410	2.67	28705	1.33	8	9568.333	Before	0	40
10	4	6	1.5	100	28.33	2.33	14.17	1.17	7	4.722	After	1	40
10	5	5	1	363478	66787	2	53429.6	1.6	8	13357.4	Before	0	41
10	5	5	1	100	18.75	2	15	1.6	8	3.75	After	0	41
10	5	5	1	347547	73791.25	2.25	59033	1.8	9	14758.25	Before	0	42
10	5	5	1	100	20	2.25	16	1.8	9	4	After	0	42
10	4	6	1.5	312390	73152.33	2.33	36576.17	1.17	7	12192.056	Before	0	43
9	4	5	1.25	100	20	2.33	12	1.4	7	4	After	1	43
10	4	6	1.5	223202	44048.67	2.67	22024.33	1.33	8	7341.444	Before	0	44
10	4	6	1.5	100	18.33	2.67	9.17	1.33	8	3.056	After	0	44
10	4	6	1.5	246536	57530	2.67	28765	1.33	8	9588.333	Before	0	45
10	4	6	1.5	100	23.67	2.33	11.83	1.17	7	3.944	After	1	45
10	4	6	1.5	143509	26257.67	2.33	13128.83	1.17	7	4376.278	Before	0	46
10	4	6	1.5	100	21.33	2	10.67	1	6	3.556	After	1	46
10	4	6	1.5	246989	64815	3	32407.5	1.5	9	10802.5	Before	0	47
10	4	6	1.5	100	27.33	3	13.67	1.5	9	4.556	After	0	47
10	4	6	1.5	250662	67893.67	2.67	33946.83	1.33	8	11315.611	Before	0	48
10	4	6	1.5	100	26.67	2.67	13.33	1.33	8	4.444	After	0	48
10	5	5	1	328149	60456	2.5	48364.8	2	10	12091.2	Before	0	49
10	5	5	1	100	18.75	2	15	1.6	8	3.75	After	2	49
10	5	5	1	283985	55990.25	3	44792.2	2.4	12	11198.05	Before	0	50
10	5	5	1	100	19	3	15.2	2.4	12	3.8	After	0	50
10	4	6	1.5	235043	50740.33	4	25370.17	2	12	8456.722	Before	0	51
10	4	6	1.5	100	22.67	3.33	11.33	1.67	10	3.778	After	2	51
10	4	6	1.5	259719	60356	2.33	30178	1.17	7	10059.333	Before	0	52
10	4	6	1.5	100	22	2.33	11	1.17	7	3.667	After	0	52
10	4	6	1.5	216370	52819.33	3.67	26409.67	1.83	11	8803.222	Before	0	53
10	4	6	1.5	100	24	3.33	12	1.67	10	4	After	1	53
10	4	6	1.5	339494	85614.67	3.67	42807.33	1.83	11	14269.111	Before	0	54
10	4	6	1.5	100	24.33	3.67	12.17	1.83	11	4.056	After	0	54
10	4	6	1.5	157773	32678	2.33	16339	1.17	7	5446.333	Before	0	55
10	4	6	1.5	100	18.67	2.33	9.33	1.17	7	3.111	After	0	55
10	4	6	1.5	320186	73645.67	2.33	36822.83	1.17	7	12274.278	Before	0	56
10	4	6	1.5	100	22.67	2.33	11.33	1.17	7	3.778	After	0	56
10	4	6	1.5	181526	49315.33	2	24657.67	1	6	8219.222	Before	0	57
9	4	5	1.25	100	25.33	2	15.2	1.2	6	5.067	After	1	57
10	4	6	1.5	282820	64121.33	1.67	32060.67	0.83	5	10686.889	Before	0	58
10	4	6	1.5	100	23	1.67	11.5	0.83	5	3.833	After	0	58
10	4	6	1.5	256137	59604.33	2.33	29802.17	1.17	7	9934.056	Before	0	59
10	4	6	1.5	100	26.33	2.33	13.17	1.17	7	4.389	After	0	59
10	4	6	1.5	209191	47782.33	2.33	23891.17	1.17	7	7963.722	Before	0	60
10	4	6	1.5	100	22.33	2	11.17	1	6	3.722	After	2	60
10	4	6	1.5	208489	59047.33	3	29523.67	1.5	9	9841.222	Before	0	61
10	4	6	1.5	100	27	2.67	13.5	1.33	8	4.5	After	1	61
10	5	5	1	308489	65147.5	1.75	52118	1.4	7	13029.5	Before	0	62
10	5	5	1	100	21.75	1.5	17.4	1.2	6	4.35	After	1	62
10	5	5	1	338596	77261.25	2.5	61809	2	10	15452.25	Before	0	63
10	5	5	1	100	22.5	2.25	18	1.8	9	4.5	After	2	63
10	4	6	1.5	274061	81425.33	2.33	40712.67	1.17	7	13570.889	Before	0	64
9	4	5	1.25	100	30	2	18	1.2	6	6	After	1	64
10	4	6	1.5	270975	70658	2.33	35329	1.17	7	11776.333	Before	0	65
10	4	6	1.5	100	24.67	2.33	12.33	1.17	7	4.111	After	0	65
10	3	7	2.33	180999	62656.5	3	17901.86	0.86	6	8950.929	Before	0	66
10	3	7	2.33	100	32	2.5	9.14	0.71	5	4.571	After	1	66
10	5	5	1	287814	63500.5	2.75	50800.4	2.2	11	12700.1	Before	0	67
10	5	5	1	100	22	2.75	17.6	2.2	11	4.4	After	0	67
10	4	6	1.5	262584	63988	2.33	31994	1.17	7	10664.667	Before	0	68
10	4	6	1.5	100	23.33	2.33	11.67	1.17	7	3.889	After	0	68
10	4	6	1.5	325112	80128.67	3.67	40064.33	1.83	11	13354.778	Before	0	69
10	4	6	1.5	100	25.33	3.67	12.67	1.83	11	4.222	After	0	69
10	4	6	1.5	299850	72160	2	36080	1	6	12026.667	Before	0	70
10	4	6	1.5	100	24.33	2	12.17	1	6	4.056	After	0	70
10	4	6	1.5	193352	47104.67	4	23552.33	2	12	7850.778	Before	0	71
10	4	6	1.5	100	26.33	4	13.17	2	12	4.389	After	1	71
10	4	6	1.5	245543	54329	3	27164.5	1.5	9	9054.833	Before	0	72
10	4	6	1.5	100	21.33	2.67	10.67	1.33	8	3.556	After	1	72
10	4	6	1.5	236097	69627.67	2.33	34813.83	1.17	7	11604.611	Before	0	73
9	4	5	1.25	100	29.67	2	17.8	1.2	6	5.933	After	2	73
10	4	6	1.5	174940	47473.33	2	23736.67	1	6	7912.222	Before	0	74
9	4	5	1.25	100	28.33	2	17	1.2	6	5.667	After	1	74
10	4	6	1.5	276543	81455.67	3.67	40727.83	1.83	11	13575.944	Before	0	75
10	4	6	1.5	100	30	3.67	15	1.83	11	5	After	0	75
10	4	6	1.5	258203	55701	4	27850.5	2	12	9283.5	Before	0	76
10	4	6	1.5	100	23	4	11.5	2	12	3.833	After	0	76
10	4	6	1.5	238346	51754.33	3	25877.17	1.5	9	8625.722	Before	0	77
10	4	6	1.5	100	22	3	11	1.5	9	3.667	After	0	77
10	4	6	1.5	207628	48049	3	24024.5	1.5	9	8008.167	Before	0	78
10	4	6	1.5	100	23.67	2.67	11.83	1.33	8	3.944	After	1	78
10	4	6	1.5	222192	50906	3.33	25453	1.67	10	8484.333	Before	0	79
10	4	6	1.5	100	25	3.33	12.5	1.67	10	4.167	After	0	79
10	4	6	1.5	331238	83962.67	1.67	41981.33	0.83	5	13993.778	Before	0	80
10	4	6	1.5	100	25.33	1.33	12.67	0.67	4	4.222	After	1	80
10	4	6	1.5	233841	63369.33	3.33	31684.67	1.67	10	10561.556	Before	0	81
8	4	4	1	100	26	2.67	19.5	2	8	6.5	After	2	81
10	4	6	1.5	269447	80431.33	2.67	40215.67	1.33	8	13405.222	Before	0	82
10	4	6	1.5	100	29	2.67	14.5	1.33	8	4.833	After	1	82
10	3	7	2.33	173731	50555	2.5	14444.29	0.71	5	7222.143	Before	0	83
10	3	7	2.33	100	29.5	2.5	8.43	0.71	5	4.214	After	0	83
10	4	6	1.5	184480	50195.33	2.33	25097.67	1.17	7	8365.889	Before	0	84
10	4	6	1.5	100	28.33	2	14.17	1	6	4.722	After	1	84
10	5	5	1	413087	79146	3.5	63316.8	2.8	14	15829.2	Before	0	85
10	5	5	1	100	17.25	3.25	13.8	2.6	13	3.45	After	1	85
10	4	6	1.5	290247	70820.33	2	35410.17	1	6	11803.389	Before	0	86
10	4	6	1.5	100	23.67	1.67	11.83	0.83	5	3.944	After	2	86
10	4	6	1.5	261687	72200.33	3.33	36100.17	1.67	10	12033.389	Before	0	87
10	4	6	1.5	100	29	3.33	14.5	1.67	10	4.833	After	0	87
10	5	5	1	332340	66599	1.75	53279.2	1.4	7	13319.8	Before	0	88
10	5	5	1	100	19.5	1.5	15.6	1.2	6	3.9	After	1	88
10	4	6	1.5	286754	79765.67	2.33	39882.83	1.17	7	13294.278	Before	0	89
10	4	6	1.5	100	29.67	2	14.83	1	6	4.944	After	1	89
10	4	6	1.5	269589	59685.67	4	29842.83	2	12	9947.611	Before	0	90
10	4	6	1.5	100	20.67	3.67	10.33	1.83	11	3.444	After	1	90
10	5	5	1	321791	67006.5	2	53605.2	1.6	8	13401.3	Before	0	91
10	5	5	1	100	21.5	1.75	17.2	1.4	7	4.3	After	1	91
10	4	6	1.5	190461	49158.33	2	24579.17	1	6	8193.056	Before	0	92
10	4	6	1.5	100	27	1.67	13.5	0.83	5	4.5	After	1	92
10	4	6	1.5	234336	61505.33	2.67	30752.67	1.33	8	10250.889	Before	0	93
10	4	6	1.5	100	27.67	2.67	13.83	1.33	8	4.611	After	0	93
10	4	6	1.5	235094	63981	3	31990.5	1.5	9	10663.5	Before	0	94
9	4	5	1.25	100	26.33	2.33	15.8	1.4	7	5.267	After	3	94
10	4	6	1.5	268569	66146	2.33	33073	1.17	7	11024.333	Before	0	95
10	4	6	1.5	100	24.33	2.33	12.17	1.17	7	4.056	After	1	95
10	4	6	1.5	163373	36196.33	2.67	18098.17	1.33	8	6032.722	Before	0	96
10	4	6	1.5	100	20.33	2.67	10.17	1.33	8	3.389	After	0	96
10	4	6	1.5	247371	74009	3.33	37004.5	1.67	10	12334.833	Before	0	97
10	4	6	1.5	100	29.67	3.33	14.83	1.67	10	4.944	After	0	97
10	4	6	1.5	243149	58093.67	4	29046.83	2	12	9682.278	Before	0	98
10	4	6	1.5	100	22.67	4	11.33	2	12	3.778	After	0	98
10	5	5	1	251599	49219.25	3	39375.4	2.4	12	9843.85	Before	0	99
10	5	5	1	100	19.25	2.75	15.4	2.2	11	3.85	After	1	99
10	4	6	1.5	215755	52904.33	2.33	26452.17	1.17	7	8817.389	Before	0	100
10	4	6	1.5	100	25	2	12.5	1	6	4.167	After	1	100
